7 -135 100
7 -85 100
7 -35 100
7 25 100
7 75 100
7 125 100
7 175 100
7 225 100
7 275 100
7 325 100
7 375 100
7 425 100
7 475 100
7 525 100
7 475 100
7 -145 160
7 -105 160
7 -35 160
7 20 160
7 75 160
7 135 160
7 195 160
7 255 160
7 305 160
7 365 160
7 425 160
7 485 160
7 545 160
7 -105 200
7 -35 200
7 75 200
7 135 200
7 255 200
7 305 200
7 425 200
7 485 200
7 -145 260
7 -105 260
7 -35 260
7 20 260
7 75 260
7 135 260
7 195 260
7 255 260
7 305 260
7 365 260
7 425 260
7 485 260
7 545 260
7 -145 320
7 -105 320
7 -35 320
7 20 320
7 75 320
7 135 320
7 195 320
7 255 320
7 305 320
7 365 320
7 425 320
7 485 320
7 545 320
7 -145 380
7 -105 380
7 -35 380
7 20 380
7 75 380
7 135 380
7 195 380
7 255 380
7 305 380
7 365 380
7 425 380
7 485 380
7 545 380
7 -145 440
7 -105 440
7 -35 440
7 20 440
7 75 440
7 135 440
7 195 440
7 255 440
7 305 440
7 365 440
7 425 440
7 485 440
7 545 440