10 120 -183 130
10 120 -183 300
10 120 574 130
10 120 574 300
355 10 -183 75
355 10 230 75
355 10 -183 464
355 10 230 464
100 10 -120 130
100 10 50 130
100 10 230 130
100 10 400 130
100 10 -120 410
100 10 50 410
100 10 230 410
100 10 400 410
15 100 -80 130
15 100 90 130
15 100 270 130
15 100 440 130
50 10 -183 194
35 50 0 178
35 50 177 178
35 50 351 178
50 10 524 194
120 10 -40 290
120 10 133 290
120 10 310 290
15 100 -80 130
15 100 90 130
15 100 270 130
15 100 440 130
50 10 -183 340
35 15 0 345
35 15 177 345
35 15 351 345
50 10 524 340